1	                       I D E A M  -  INSTITUTO DE HIDROLOGIA, METEOROLOGIA Y ESTUDIOS AMBIENTALES												
2	                                                                                                              SISTEMA DE INFORMACION												
3	                                    VALORES MEDIOS  DIARIOS DE CAUDALES (M3/Seg)                                NACIONAL AMBIENTAL												
4													
5	    FECHA DE PROCESO :  2009/01/15                      ANO  1975                              ESTACION : 2306708												
6													
7	    LATITUD    0515 N               TIPO EST    LG                   DEPTO      xxxxxxxxxxxx            FECHA-INSTALACION   1974-SEP												
8	    LONGITUD   7421 W               ENTIDAD     01  IDEAM            MUNICIPIO  xxxxxxxx                FECHA-SUSPENSION												
9	    ELEVACION  0940 m.s.n.m         REGIONAL    11  BOGOTA           CORRIENTE  xxxxx												
10													
11	************************************************************************************************************************************												
12	          DIA       ENERO *  FEBRE *  MARZO *  ABRIL *  MAYO  *  JUNIO *  JULIO *  AGOST *  SEPTI *  OCTUB *  NOVIE *  DICIE *												
13	************************************************************************************************************************************												
14	1	10	12.2	48.1	48.7	35.6	37.5	10	10.8	16	28	61.9	36.1
15	2	9	18.1	68.5	64.4	35.4	38.4	9.8	10.6	13.2	28	75.2	45
16	3	9	19.8	61.5	56.8	82.8	52.3	18	9.3	11.6	23.3	47.3	49.8
17	4	9	16.4	58	62	97.5	39	16.6	9	13.5	20	53.3	44.4
18	5	8.8	14.7	41.3	72.3	111.5	39	24.8	10	11.6	17	51.2	77.2
19	6	8.7	18.2	34.3	51.9	87	33.8	28	8.3	15.1	23.3	51.3	78.7
20	7	5.8	38.7	35	42.3	72.3	42.3	21	9	11.6	24.4	41.6	64.6
21	8	7.4	21.2	27.4	41.6	113.3	36.6	18.4	9.7	11.6	20.1	41.9	52.5
22	9	7.4	17.8	27.2	55.5	76.5	31.9	20.8	10	7.9	19	50.7	46.7
23	10	9	15.1	24.4	40.5	59.8	31	23.8	8.6	9.3	13.2	45.6	49.6
24	11	9	13.2	21.4	32.7	59.8	23.3	20	7.9	11.6	18	54.4	44.2
25	12	8.4	13.3	18	29.8	50.4	20.6	14.1	7.2	11.6	43.4	72.6	38.1
26	13	8.4	19.4	24.5	29.8	67.8	20.8	43.3	7.9	18	27.1	61.7	35.1
27	14	9	12.9	46.5	25.4	67.8	20.5	60.3	7.9	11.6	29.4	47.1	33.4
28	15	7.2	15.9	27.8	25.6	56	16	91.5	7.6	11.6	67.8	45	31.7
29	16	10	14.5	43	38.3	47.1	18.2	45.3	8.9	14.1	47.5	57.5	57.7
30	17	8.8	24.6	22.5	29.3	44.9	15.1	75.3	7.6	25.8	43.6	56.5	70.2
31	18	9.8	41	46.5	25.6	41.4	16.1	39	7.9	30.8	34.6	61.5	74.4
32	19	8.2	42.3	28	28	32.9	11.6	25.1	9	23.3	30.5	55.9	57
33	20	8.5	24.7	47.7	23.1	46.9	10.8	29.3	11.6	28	29.3	49.5	48.9
34	21	10.6	22.8	31.5	20.6	36	10.8	25.6	9.7	28	31.9	55.4	44.9
35	22	8.5	21.1	45.6	36.3	54	9.7	18	9	22.1	29.3	50.6	42.4
36	23	7.2	29.4	46.1	29.4	40.5	9	18.6	7.9	30.8	27.1	46.1	46.8
37	24	6.3	26.5	44.7	25.1	39	9	18.4	7.6	20	22.5	43.4	38.4
38	25	5.9	32.1	41.2	22.1	60.3	9.3	17	11.6	19.4	39	39.2	35.8
39	26	5.8	29.1	37.8	31.7	39	9	17.4	29.5	26.5	46	39.8	37.5
40	27	5.8	35.7	35.3	22.8	46	8	17	11.6	23.3	85.5	42.9	36.5
41	28	5.3	36.8	33.2	47	36	9.3	18.4	17.1	18	40.9	59	36.8
42	29	5.2		32.4	38.8	31.9	9.4	14.1	18	18	39	39.8	39
43	30	6.5		34	49.6	37.6	11.6	12.4	21.3	23.3	34.6	34.3	32.5
44	31	6.3		49.7		27.6		10	20.3		42		30.6
45													
46	MEDIA	7.897	23.13	38.17	38.23	55.96	21.66	26.49	11.05	17.91	33.07	51.07	46.98
47	MAXIMA ABSOLU	16	109.8	179.2	107.2	136	56	127	42	36	115	208.8	162.6
48	MINIMA MEDIA	5.2	12.2	18	20.6	27.6	8	9.8	7.2	7.9	13.2	34.3	30.6
49													
50	** DATOS PRELIMINARES **              ***  VALORES  ANUALES  ***                                           ** ORIGENES DE DATO **												
51													
52	                                     MEDIA                  30.968                                         1 : REGISTRADOS												
53	                                     MAXIMA ABSOLUTA       208.800												
54	                                     MINIMA MEDIA            5.200												
55													
